>> A=[2 4 6;8 10 12;14 16 18]

A =

     2     4     6
     8    10    12
    14    16    18

>> B=[1 2 3;4 5 6;7 8 9]
 
B =

     1     2     3
     4     5     6
     7     8     9

>> A+B

ans =

     3     6     9
    12    15    18
    21    24    27

>> A-B

ans =

     1     2     3
     4     5     6
     7     8     9

>> A*B

ans =

    60    72    84
   132   162   192
   204   252   300

>> A=[2 4 6 8;10 12 14 16;18 20 22 24;26 28 30 32]

A =

     2     4     6     8
    10    12    14    16
    18    20    22    24
    26    28    30    32
	
>> B=[1 2 3 4;5 6 7 8;9 10 11 12;13 14 15 16]
B =

     1     2     3     4
     5     6     7     8
     9    10    11    12
    13    14    15    16

>> A+B

ans =

     3     6     9    12
    15    18    21    24
    27    30    33    36
    39    42    45    48

>> A-B

ans =

     1     2     3     4
     5     6     7     8
     9    10    11    12
    13    14    15    16

>> A*B

ans =

         180         200         220         240
         404         456         508         560
         628         712         796         880
         852         968        1084        1200
		 
	//each element in the A matrix will be increased by 5	 
>> A+5

ans =

     7     9    11    13
    15    17    19    21
    23    25    27    29
    31    33    35    37

>> A-2

ans =

     0     2     4     6
     8    10    12    14
    16    18    20    22
    24    26    28    30

>> A*2

ans =

     4     8    12    16
    20    24    28    32
    36    40    44    48
    52    56    60    64

>> A/2

ans =

     1     2     3     4
     5     6     7     8
     9    10    11    12
    13    14    15    16

>> >> A.*B

ans =

     2     8    18    32
    50    72    98   128
   162   200   242   288
   338   392   450   512

>> c=zeros(4,3)

c =

     0     0     0
     0     0     0
     0     0     0
     0     0     0

>> c=ones(3,4)

c =

     1     1     1     1
     1     1     1     1
     1     1     1     1
	 
>> A=[2 3;5 6]

A =

     2     3
     5     6

>> B=[1 2;3 4]

B =

     1     2
     3     4

>> [A B]

ans =

     2     3     1     2
     5     6     3     4

>> B=[1 2;3 4;5 6]

B =

     1     2
     3     4
     5     6

>> [A;B]

ans =

     2     3
     5     6
     1     2
     3     4
     5     6
